1-条件数: 16
∞-条件数: 16
谱半径: 2.90933
该矩阵对称正定
Jacobi:
迭代次数: 1011
迭代次数超过上限
Gauss-Seidel:
迭代次数: 13
-0.09982 -0.00736 0.01481 0.04443 0.06951 0.09476 0.11717 0.13898 0.15880 0.17794 0.19559 0.21261 0.22847 0.24377 0.25814 0.27202 0.28512 0.29780 0.30982 0.32147 0.33256 0.34333 0.35360 0.36359 0.37315 0.38246 0.39139 0.40008 0.40844 0.41660 0.42445 0.43212 0.43952 0.44674 0.45372 0.46055 0.46715 0.47362 0.47987 0.48600 0.49194 0.49777 0.50342 0.50896 0.51434 0.51962 0.52476 0.52980 0.53470 0.53952 0.54421 0.54882 0.55331 0.55772 0.56202 0.56626 0.57039 0.57445 0.57842 0.58232 0.58614 0.58989 0.59356 0.59718 0.60071 0.60419 0.60760 0.61096 0.61424 0.61748 0.62066 0.62378 0.62685 0.62987 0.63283 0.63576 0.63862 0.64145 0.64422 0.64696 0.64964 0.65229 0.65490 0.65747 0.65999 0.66248 0.66493 0.66734 0.66972 0.67207 0.67437 0.67665 0.67889 0.68110 0.68328 0.68543 0.68755 0.68964 0.69170 0.69374
CG:
迭代次数: 1011
迭代次数超过上限
SOR:
迭代次数: 32
-0.09982 -0.00736 0.01481 0.04443 0.06951 0.09476 0.11717 0.13898 0.15880 0.17794 0.19559 0.21261 0.22847 0.24377 0.25814 0.27202 0.28512 0.29780 0.30982 0.32147 0.33256 0.34333 0.35360 0.36359 0.37315 0.38246 0.39139 0.40008 0.40844 0.41660 0.42445 0.43212 0.43952 0.44674 0.45372 0.46055 0.46715 0.47362 0.47987 0.48600 0.49194 0.49777 0.50342 0.50896 0.51434 0.51962 0.52476 0.52980 0.53470 0.53952 0.54421 0.54882 0.55331 0.55772 0.56202 0.56626 0.57039 0.57445 0.57842 0.58232 0.58614 0.58989 0.59356 0.59718 0.60071 0.60419 0.60760 0.61096 0.61424 0.61748 0.62066 0.62378 0.62685 0.62987 0.63283 0.63576 0.63862 0.64145 0.64422 0.64696 0.64964 0.65229 0.65490 0.65747 0.65999 0.66248 0.66493 0.66734 0.66972 0.67207 0.67437 0.67665 0.67889 0.68110 0.68328 0.68543 0.68755 0.68964 0.69170 0.69374
高斯消元:
-0.09983 -0.00736 0.01481 0.04443 0.06951 0.09476 0.11717 0.13898 0.15880 0.17794 0.19559 0.21261 0.22847 0.24377 0.25814 0.27202 0.28512 0.29780 0.30982 0.32147 0.33256 0.34333 0.35360 0.36359 0.37315 0.38246 0.39139 0.40008 0.40844 0.41660 0.42445 0.43212 0.43952 0.44674 0.45372 0.46055 0.46715 0.47362 0.47987 0.48600 0.49194 0.49777 0.50342 0.50896 0.51434 0.51962 0.52476 0.52980 0.53470 0.53952 0.54421 0.54882 0.55331 0.55772 0.56202 0.56626 0.57039 0.57445 0.57842 0.58232 0.58614 0.58989 0.59356 0.59718 0.60071 0.60419 0.60760 0.61096 0.61424 0.61748 0.62066 0.62378 0.62685 0.62987 0.63283 0.63576 0.63862 0.64145 0.64422 0.64696 0.64964 0.65229 0.65490 0.65747 0.65999 0.66248 0.66493 0.66734 0.66972 0.67207 0.67437 0.67665 0.67889 0.68110 0.68328 0.68543 0.68755 0.68964 0.69170 0.69374
Doolittle:
-0.09983 -0.00736 0.01481 0.04443 0.06951 0.09476 0.11717 0.13898 0.15880 0.17794 0.19559 0.21261 0.22847 0.24377 0.25814 0.27202 0.28512 0.29780 0.30982 0.32147 0.33256 0.34333 0.35360 0.36359 0.37315 0.38246 0.39139 0.40008 0.40844 0.41660 0.42445 0.43212 0.43952 0.44674 0.45372 0.46055 0.46715 0.47362 0.47987 0.48600 0.49194 0.49777 0.50342 0.50896 0.51434 0.51962 0.52476 0.52980 0.53470 0.53952 0.54421 0.54882 0.55331 0.55772 0.56202 0.56626 0.57039 0.57445 0.57842 0.58232 0.58614 0.58989 0.59356 0.59718 0.60071 0.60419 0.60760 0.61096 0.61424 0.61748 0.62066 0.62378 0.62685 0.62987 0.63283 0.63576 0.63862 0.64145 0.64422 0.64696 0.64964 0.65229 0.65490 0.65747 0.65999 0.66248 0.66493 0.66734 0.66972 0.67207 0.67437 0.67665 0.67889 0.68110 0.68328 0.68543 0.68755 0.68964 0.69170 0.69374 
Cholesky:
-0.09983 -0.00736 0.01481 0.04443 0.06951 0.09476 0.11717 0.13898 0.15880 0.17794 0.19559 0.21261 0.22847 0.24377 0.25814 0.27202 0.28512 0.29780 0.30982 0.32147 0.33256 0.34333 0.35360 0.36359 0.37315 0.38246 0.39139 0.40008 0.40844 0.41660 0.42445 0.43212 0.43952 0.44674 0.45372 0.46055 0.46715 0.47362 0.47987 0.48600 0.49194 0.49777 0.50342 0.50896 0.51434 0.51962 0.52476 0.52980 0.53470 0.53952 0.54421 0.54882 0.55331 0.55772 0.56202 0.56626 0.57039 0.57445 0.57842 0.58232 0.58614 0.58989 0.59356 0.59718 0.60071 0.60419 0.60760 0.61096 0.61424 0.61748 0.62066 0.62378 0.62685 0.62987 0.63283 0.63576 0.63862 0.64145 0.64422 0.64696 0.64964 0.65229 0.65490 0.65747 0.65999 0.66248 0.66493 0.66734 0.66972 0.67207 0.67437 0.67665 0.67889 0.68110 0.68328 0.68543 0.68755 0.68964 0.69170 0.69374 
迭代过程1:
迭代次数超过上限
迭代过程2:
1.00000,0.47368,0.55596,0.55648,0.57489,0.57420,0.58185,0.58107,0.58514,0.58447,0.58695,0.58639,0.58804,0.58758,0.58875,0.58836,0.58923,0.58890,0.58957,0.58929,0.58982,0.58957,0.59000,0.58978,0.59014,0.58995,0.59025,0.59008,0.59033,0.59018,0.59040,0.59026,0.59045,0.59033,0.59049,0.59038,0.59053,0.59043,0.59056,0.59047,0.59058,0.59050,0.59060,0.59052,0.59062,0.59054,0.59063,0.59056,0.59064,0.59058,0.59065,0.59059,0.59066,0.59060,0.59066,0.59061,0.59067,0.59062,0.59067,0.59063,0.59068,0.59064,0.59068,0.59064,0.59068,0.59065,0.59069,0.59065,0.59069,0.59065,0.59069,0.59066,0.59069,0.59066,0.59069,0.59066,0.59069,0.59066,0.59069,0.59067,0.59069,0.59067,0.59069,0.59067,0.59069,0.59067,0.59069,0.59067,0.59069,0.59067,0.59069,0.59067,0.59069,0.59067,0.59069,0.59067,0.59069,0.59067,0.59069,0.59067
-1.39190,-0.23110,-0.20489,-0.10529,-0.05642,0.00630,0.04587,0.09089,0.12267,0.15733,0.18343,0.21133,0.23325,0.25640,0.27515,0.29482,0.31110,0.32808,0.34240,0.35727,0.36999,0.38316,0.39454,0.40632,0.41659,0.42719,0.43652,0.44613,0.45465,0.46342,0.47123,0.47926,0.48646,0.49385,0.50051,0.50734,0.51352,0.51986,0.52560,0.53150,0.53687,0.54237,0.54739,0.55253,0.55724,0.56207,0.56650,0.57103,0.57520,0.57947,0.58341,0.58744,0.59116,0.59497,0.59849,0.60209,0.60543,0.60885,0.61202,0.61527,0.61828,0.62137,0.62424,0.62718,0.62991,0.63271,0.63533,0.63800,0.64049,0.64304,0.64543,0.64787,0.65015,0.65249,0.65467,0.65691,0.65901,0.66115,0.66317,0.66522,0.66716,0.66913,0.67099,0.67289,0.67468,0.67651,0.67822,0.67998,0.68164,0.68333,0.68493,0.68656,0.68810,0.68968,0.69116,0.69268,0.69411,0.69558,0.69696,0.69838
0.12368,-0.04909,-0.03618,-0.01411,0.01272,0.03826,0.06417,0.08809,0.11151,0.13315,0.15411,0.17358,0.19237,0.20993,0.22688,0.24279,0.25815,0.27264,0.28664,0.29990,0.31273,0.32492,0.33673,0.34798,0.35889,0.36932,0.37944,0.38914,0.39856,0.40760,0.41639,0.42485,0.43308,0.44102,0.44874,0.45620,0.46346,0.47049,0.47734,0.48397,0.49044,0.49671,0.50283,0.50877,0.51457,0.52021,0.52572,0.53107,0.53631,0.54140,0.54639,0.55125,0.55600,0.56063,0.56517,0.56960,0.57393,0.57816,0.58231,0.58636,0.59034,0.59422,0.59803,0.60175,0.60540,0.60897,0.61248,0.61592,0.61929,0.62259,0.62583,0.62901,0.63213,0.63519,0.63820,0.64115,0.64405,0.64689,0.64969,0.65243,0.65513,0.65778,0.66039,0.66295,0.66547,0.66794,0.67038,0.67278,0.67513,0.67745,0.67973,0.68198,0.68419,0.68636,0.68851,0.69061,0.69269,0.69473,0.69675,0.69873
0.02321,0.01479,0.03568,0.05664,0.07848,0.09933,0.11971,0.13902,0.15761,0.17525,0.19218,0.20827,0.22371,0.23844,0.25259,0.26612,0.27913,0.29161,0.30362,0.31518,0.32632,0.33705,0.34742,0.35743,0.36711,0.37646,0.38552,0.39429,0.40280,0.41104,0.41904,0.42681,0.43435,0.44169,0.44882,0.45575,0.46250,0.46908,0.47548,0.48172,0.48780,0.49373,0.49952,0.50517,0.51068,0.51607,0.52133,0.52647,0.53150,0.53641,0.54122,0.54592,0.55052,0.55503,0.55944,0.56376,0.56799,0.57214,0.57620,0.58019,0.58410,0.58793,0.59169,0.59538,0.59899,0.60255,0.60603,0.60946,0.61282,0.61612,0.61937,0.62255,0.62569,0.62877,0.63179,0.63477,0.63770,0.64058,0.64341,0.64619,0.64893,0.65163,0.65428,0.65690,0.65947,0.66200,0.66450,0.66695,0.66937,0.67176,0.67410,0.67642,0.67870,0.68094,0.68316,0.68534,0.68749,0.68961,0.69170,0.69377
-0.11485,-0.00072,0.02236,0.05206,0.07656,0.10131,0.12306,0.14435,0.16359,0.18227,0.19944,0.21608,0.23155,0.24653,0.26058,0.27419,0.28703,0.29949,0.31130,0.32277,0.33368,0.34429,0.35442,0.36428,0.37372,0.38291,0.39174,0.40035,0.40862,0.41670,0.42448,0.43208,0.43942,0.44659,0.45352,0.46030,0.46686,0.47329,0.47951,0.48561,0.49152,0.49732,0.50294,0.50846,0.51383,0.51909,0.52421,0.52924,0.53412,0.53893,0.54361,0.54821,0.55269,0.55710,0.56140,0.56563,0.56976,0.57382,0.57778,0.58169,0.58550,0.58926,0.59293,0.59654,0.60008,0.60357,0.60697,0.61034,0.61362,0.61687,0.62004,0.62318,0.62625,0.62927,0.63224,0.63517,0.63804,0.64087,0.64365,0.64640,0.64909,0.65174,0.65435,0.65693,0.65946,0.66196,0.66441,0.66683,0.66921,0.67157,0.67388,0.67617,0.67841,0.68063,0.68282,0.68498,0.68710,0.68920,0.69127,0.69331
-0.11407,-0.00890,0.01353,0.04410,0.06947,0.09513,0.11767,0.13968,0.15956,0.17879,0.19646,0.21353,0.22937,0.24469,0.25904,0.27291,0.28599,0.29866,0.31065,0.32228,0.33334,0.34409,0.35433,0.36430,0.37383,0.38312,0.39201,0.40069,0.40902,0.41716,0.42499,0.43263,0.44001,0.44721,0.45417,0.46098,0.46756,0.47401,0.48025,0.48636,0.49229,0.49810,0.50373,0.50926,0.51462,0.51989,0.52501,0.53004,0.53493,0.53974,0.54441,0.54901,0.55349,0.55789,0.56219,0.56641,0.57053,0.57459,0.57854,0.58244,0.58625,0.59000,0.59366,0.59727,0.60079,0.60427,0.60767,0.61102,0.61430,0.61753,0.62070,0.62382,0.62688,0.62990,0.63286,0.63578,0.63863,0.64146,0.64423,0.64696,0.64964,0.65229,0.65489,0.65745,0.65997,0.66246,0.66490,0.66732,0.66969,0.67204,0.67434,0.67661,0.67885,0.68106,0.68324,0.68539,0.68750,0.68959,0.69165,0.69369
-0.09999,-0.00825,0.01386,0.04359,0.06877,0.09413,0.11663,0.13852,0.15841,0.17761,0.19531,0.21238,0.22828,0.24362,0.25801,0.27192,0.28505,0.29775,0.30979,0.32145,0.33256,0.34334,0.35362,0.36362,0.37319,0.38250,0.39144,0.40014,0.40851,0.41667,0.42452,0.43219,0.43959,0.44682,0.45381,0.46063,0.46724,0.47370,0.47996,0.48609,0.49203,0.49786,0.50351,0.50905,0.51443,0.51971,0.52485,0.52989,0.53479,0.53960,0.54429,0.54890,0.55339,0.55780,0.56211,0.56634,0.57047,0.57453,0.57850,0.58240,0.58621,0.58997,0.59364,0.59725,0.60078,0.60427,0.60767,0.61103,0.61431,0.61755,0.62072,0.62385,0.62691,0.62993,0.63289,0.63582,0.63868,0.64151,0.64428,0.64701,0.64970,0.65235,0.65495,0.65752,0.66004,0.66253,0.66497,0.66739,0.66976,0.67211,0.67441,0.67669,0.67893,0.68114,0.68332,0.68547,0.68759,0.68968,0.69174,0.69377
-0.09838,-0.00733,0.01482,0.04435,0.06942,0.09464,0.11704,0.13884,0.15867,0.17780,0.19546,0.21249,0.22835,0.24366,0.25803,0.27191,0.28502,0.29770,0.30973,0.32139,0.33248,0.34325,0.35353,0.36352,0.37309,0.38240,0.39133,0.40003,0.40839,0.41655,0.42441,0.43208,0.43948,0.44671,0.45369,0.46052,0.46712,0.47359,0.47985,0.48598,0.49192,0.49775,0.50340,0.50894,0.51433,0.51961,0.52474,0.52979,0.53469,0.53951,0.54420,0.54881,0.55330,0.55771,0.56202,0.56625,0.57038,0.57445,0.57842,0.58232,0.58614,0.58989,0.59356,0.59718,0.60071,0.60420,0.60760,0.61096,0.61425,0.61749,0.62066,0.62379,0.62685,0.62988,0.63284,0.63576,0.63863,0.64145,0.64423,0.64697,0.64965,0.65230,0.65490,0.65747,0.66000,0.66249,0.66493,0.66735,0.66973,0.67207,0.67438,0.67666,0.67890,0.68111,0.68329,0.68544,0.68756,0.68965,0.69171,0.69375
-0.09962,-0.00727,0.01491,0.04451,0.06957,0.09481,0.11721,0.13901,0.15882,0.17795,0.19560,0.21262,0.22847,0.24377,0.25813,0.27201,0.28511,0.29779,0.30981,0.32146,0.33255,0.34332,0.35359,0.36358,0.37314,0.38245,0.39137,0.40007,0.40843,0.41659,0.42444,0.43211,0.43950,0.44673,0.45371,0.46054,0.46714,0.47360,0.47986,0.48599,0.49193,0.49776,0.50341,0.50895,0.51433,0.51961,0.52475,0.52979,0.53469,0.53951,0.54420,0.54881,0.55330,0.55771,0.56202,0.56625,0.57038,0.57444,0.57841,0.58232,0.58613,0.58989,0.59355,0.59717,0.60070,0.60419,0.60759,0.61095,0.61424,0.61748,0.62065,0.62378,0.62684,0.62987,0.63283,0.63575,0.63862,0.64144,0.64422,0.64695,0.64964,0.65229,0.65489,0.65746,0.65998,0.66248,0.66492,0.66734,0.66971,0.67206,0.67437,0.67665,0.67889,0.68110,0.68328,0.68543,0.68755,0.68964,0.69170,0.69374
-0.09995,-0.00735,0.01483,0.04445,0.06953,0.09478,0.11719,0.13900,0.15881,0.17795,0.19560,0.21263,0.22848,0.24379,0.25815,0.27203,0.28513,0.29781,0.30983,0.32148,0.33257,0.34333,0.35361,0.36360,0.37316,0.38246,0.39139,0.40009,0.40845,0.41660,0.42446,0.43212,0.43952,0.44674,0.45373,0.46055,0.46715,0.47362,0.47987,0.48600,0.49195,0.49777,0.50342,0.50896,0.51434,0.51962,0.52476,0.52980,0.53470,0.53952,0.54421,0.54882,0.55331,0.55772,0.56202,0.56626,0.57039,0.57445,0.57842,0.58232,0.58614,0.58989,0.59356,0.59718,0.60071,0.60419,0.60760,0.61096,0.61424,0.61748,0.62065,0.62378,0.62685,0.62987,0.63283,0.63575,0.63862,0.64145,0.64422,0.64696,0.64964,0.65229,0.65489,0.65746,0.65999,0.66248,0.66492,0.66734,0.66972,0.67206,0.67437,0.67665,0.67889,0.68110,0.68328,0.68543,0.68755,0.68964,0.69170,0.69374
-0.09987,-0.00737,0.01481,0.04443,0.06951,0.09476,0.11717,0.13898,0.15880,0.17794,0.19559,0.21261,0.22847,0.24378,0.25814,0.27202,0.28512,0.29780,0.30982,0.32147,0.33257,0.34333,0.35361,0.36359,0.37316,0.38246,0.39139,0.40008,0.40845,0.41660,0.42445,0.43212,0.43952,0.44674,0.45373,0.46055,0.46716,0.47362,0.47988,0.48600,0.49195,0.49777,0.50342,0.50896,0.51434,0.51962,0.52476,0.52980,0.53470,0.53952,0.54421,0.54882,0.55331,0.55772,0.56203,0.56626,0.57039,0.57445,0.57842,0.58232,0.58614,0.58989,0.59356,0.59718,0.60071,0.60420,0.60760,0.61096,0.61424,0.61749,0.62066,0.62379,0.62685,0.62987,0.63283,0.63576,0.63862,0.64145,0.64422,0.64696,0.64964,0.65229,0.65490,0.65747,0.65999,0.66248,0.66493,0.66734,0.66972,0.67207,0.67437,0.67665,0.67889,0.68110,0.68328,0.68543,0.68755,0.68964,0.69170,0.69374
-0.09982,-0.00737,0.01481,0.04443,0.06951,0.09476,0.11717,0.13898,0.15880,0.17794,0.19559,0.21261,0.22847,0.24377,0.25814,0.27202,0.28512,0.29780,0.30982,0.32147,0.33256,0.34333,0.35360,0.36359,0.37315,0.38246,0.39139,0.40008,0.40844,0.41660,0.42445,0.43212,0.43952,0.44674,0.45372,0.46055,0.46715,0.47362,0.47987,0.48600,0.49194,0.49777,0.50342,0.50896,0.51434,0.51962,0.52476,0.52980,0.53470,0.53952,0.54421,0.54882,0.55331,0.55772,0.56202,0.56626,0.57039,0.57445,0.57842,0.58232,0.58614,0.58989,0.59356,0.59718,0.60071,0.60419,0.60760,0.61096,0.61424,0.61748,0.62066,0.62379,0.62685,0.62987,0.63283,0.63576,0.63862,0.64145,0.64422,0.64696,0.64964,0.65229,0.65490,0.65747,0.65999,0.66248,0.66493,0.66734,0.66972,0.67207,0.67437,0.67665,0.67889,0.68110,0.68328,0.68543,0.68755,0.68964,0.69170,0.69374
迭代过程3:
迭代次数超过上限
迭代过程4:
1.50000,0.31579,0.65274,0.66425,0.71451,0.71024,0.72882,0.72443,0.73376,0.73027,0.73578,0.73305,0.73666,0.73450,0.73703,0.73529,0.73717,0.73575,0.73719,0.73600,0.73715,0.73615,0.73708,0.73622,0.73699,0.73626,0.73690,0.73626,0.73682,0.73625,0.73673,0.73623,0.73665,0.73621,0.73657,0.73618,0.73650,0.73615,0.73644,0.73612,0.73638,0.73608,0.73632,0.73605,0.73627,0.73602,0.73622,0.73600,0.73618,0.73597,0.73613,0.73594,0.73610,0.73592,0.73606,0.73589,0.73603,0.73587,0.73600,0.73585,0.73597,0.73583,0.73594,0.73581,0.73591,0.73579,0.73589,0.73578,0.73587,0.73576,0.73585,0.73575,0.73583,0.73573,0.73581,0.73572,0.73579,0.73570,0.73577,0.73569,0.73576,0.73568,0.73574,0.73567,0.73573,0.73566,0.73572,0.73565,0.73570,0.73564,0.73569,0.73563,0.73568,0.73562,0.73567,0.73561,0.73566,0.73561,0.73565,0.73560
-3.47742,0.43722,-0.51018,-0.37965,-0.40614,-0.28649,-0.25861,-0.17105,-0.13788,-0.07144,-0.04047,0.01200,0.03962,0.08239,0.10683,0.14256,0.16423,0.19465,0.21396,0.24027,0.25758,0.28062,0.29622,0.31662,0.33076,0.34897,0.36186,0.37824,0.39003,0.40486,0.41569,0.42919,0.43919,0.45154,0.46079,0.47214,0.48072,0.49120,0.49919,0.50889,0.51635,0.52535,0.53233,0.54072,0.54726,0.55510,0.56125,0.56858,0.57437,0.58125,0.58671,0.59318,0.59833,0.60443,0.60930,0.61505,0.61967,0.62511,0.62949,0.63464,0.63880,0.64368,0.64764,0.65227,0.65604,0.66045,0.66404,0.66823,0.67166,0.67565,0.67892,0.68273,0.68586,0.68950,0.69249,0.69597,0.69884,0.70216,0.70491,0.70810,0.71073,0.71378,0.71631,0.71924,0.72167,0.72448,0.72682,0.72952,0.73176,0.73436,0.73652,0.73901,0.74110,0.74350,0.74550,0.74782,0.74975,0.75198,0.75385,0.75600
2.22584,-1.23776,0.17562,0.08247,0.17776,0.10882,0.14775,0.11487,0.14316,0.12873,0.15294,0.14822,0.16992,0.17056,0.19035,0.19404,0.21221,0.21766,0.23444,0.24089,0.25643,0.26343,0.27787,0.28512,0.29859,0.30591,0.31850,0.32577,0.33757,0.34473,0.35581,0.36280,0.37323,0.38004,0.38987,0.39647,0.40576,0.41215,0.42094,0.42711,0.43545,0.44141,0.44932,0.45507,0.46260,0.46813,0.47530,0.48064,0.48748,0.49263,0.49915,0.50411,0.51035,0.51514,0.52110,0.52572,0.53143,0.53589,0.54137,0.54567,0.55092,0.55508,0.56012,0.56414,0.56899,0.57287,0.57753,0.58128,0.58577,0.58940,0.59373,0.59724,0.60141,0.60481,0.60883,0.61212,0.61600,0.61919,0.62294,0.62603,0.62966,0.63266,0.63616,0.63907,0.64246,0.64528,0.64857,0.65130,0.65449,0.65714,0.66023,0.66281,0.66580,0.66831,0.67121,0.67365,0.67646,0.67883,0.68156,0.68387
-0.22583,0.78856,-0.16826,0.03420,0.05342,0.14953,0.16187,0.21378,0.22135,0.25462,0.26054,0.28457,0.28997,0.30878,0.31404,0.32961,0.33484,0.34822,0.35343,0.36525,0.37043,0.38106,0.38620,0.39589,0.40095,0.40989,0.41486,0.42317,0.42803,0.43580,0.44055,0.44785,0.45249,0.45937,0.46389,0.47040,0.47479,0.48097,0.48525,0.49113,0.49528,0.50089,0.50492,0.51027,0.51419,0.51931,0.52312,0.52803,0.53172,0.53643,0.54002,0.54454,0.54802,0.55238,0.55576,0.55995,0.56323,0.56727,0.57046,0.57436,0.57746,0.58122,0.58423,0.58787,0.59080,0.59431,0.59716,0.60056,0.60334,0.60662,0.60933,0.61251,0.61514,0.61823,0.62079,0.62379,0.62628,0.62919,0.63162,0.63444,0.63681,0.63955,0.64186,0.64452,0.64677,0.64936,0.65156,0.65408,0.65622,0.65868,0.66077,0.66316,0.66520,0.66752,0.66952,0.67179,0.67373,0.67594,0.67785,0.68000
-0.69661,0.02642,0.28023,0.10498,0.08372,0.06969,0.09268,0.10574,0.13335,0.15117,0.17669,0.19433,0.21682,0.23312,0.25281,0.26760,0.28493,0.29830,0.31367,0.32579,0.33953,0.35058,0.36296,0.37307,0.38431,0.39361,0.40388,0.41247,0.42191,0.42988,0.43859,0.44601,0.45410,0.46104,0.46856,0.47507,0.48210,0.48822,0.49482,0.50059,0.50679,0.51225,0.51810,0.52326,0.52879,0.53369,0.53893,0.54359,0.54856,0.55300,0.55773,0.56197,0.56647,0.57052,0.57481,0.57869,0.58279,0.58650,0.59043,0.59399,0.59775,0.60117,0.60478,0.60807,0.61153,0.61470,0.61803,0.62107,0.62428,0.62722,0.63030,0.63314,0.63611,0.63885,0.64172,0.64437,0.64714,0.64970,0.65238,0.65485,0.65745,0.65984,0.66235,0.66468,0.66710,0.66936,0.67171,0.67390,0.67618,0.67830,0.68051,0.68258,0.68472,0.68673,0.68881,0.69076,0.69279,0.69468,0.69666,0.69850
0.02292,-0.24088,-0.10423,0.06295,0.10572,0.13330,0.14524,0.16099,0.17164,0.18614,0.19759,0.21178,0.22365,0.23741,0.24925,0.26241,0.27394,0.28643,0.29750,0.30929,0.31985,0.33095,0.34097,0.35141,0.36089,0.37071,0.37968,0.38893,0.39741,0.40612,0.41415,0.42237,0.42997,0.43773,0.44494,0.45228,0.45912,0.46607,0.47256,0.47916,0.48533,0.49159,0.49747,0.50342,0.50902,0.51469,0.52003,0.52544,0.53054,0.53570,0.54058,0.54551,0.55018,0.55489,0.55936,0.56388,0.56816,0.57249,0.57660,0.58076,0.58471,0.58869,0.59249,0.59632,0.59997,0.60366,0.60717,0.61072,0.61411,0.61753,0.62079,0.62409,0.62724,0.63042,0.63346,0.63653,0.63947,0.64243,0.64527,0.64814,0.65088,0.65366,0.65632,0.65900,0.66157,0.66417,0.66666,0.66918,0.67160,0.67404,0.67638,0.67875,0.68102,0.68332,0.68553,0.68775,0.68990,0.69206,0.69415,0.69625
0.05896,0.01346,-0.02320,-0.02833,0.02292,0.06459,0.10393,0.13364,0.16145,0.18355,0.20483,0.22253,0.23993,0.25488,0.26977,0.28286,0.29597,0.30772,0.31951,0.33020,0.34095,0.35081,0.36071,0.36986,0.37905,0.38759,0.39617,0.40419,0.41223,0.41978,0.42735,0.43448,0.44163,0.44838,0.45515,0.46156,0.46797,0.47407,0.48016,0.48597,0.49178,0.49732,0.50285,0.50814,0.51343,0.51849,0.52355,0.52840,0.53324,0.53789,0.54253,0.54699,0.55145,0.55573,0.56001,0.56413,0.56824,0.57221,0.57617,0.57999,0.58380,0.58748,0.59115,0.59471,0.59825,0.60168,0.60510,0.60841,0.61171,0.61492,0.61811,0.62120,0.62429,0.62729,0.63028,0.63318,0.63607,0.63888,0.64169,0.64441,0.64713,0.64977,0.65241,0.65497,0.65753,0.66002,0.66250,0.66492,0.66733,0.66968,0.67202,0.67430,0.67658,0.67880,0.68102,0.68318,0.68533,0.68743,0.68953,0.69158
-0.13709,0.05719,0.05280,0.07246,0.07108,0.08648,0.10140,0.12253,0.14119,0.16211,0.18042,0.19963,0.21657,0.23388,0.24929,0.26486,0.27886,0.29292,0.30567,0.31843,0.33009,0.34173,0.35245,0.36314,0.37303,0.38289,0.39206,0.40120,0.40973,0.41824,0.42620,0.43415,0.44161,0.44906,0.45607,0.46307,0.46968,0.47627,0.48252,0.48875,0.49466,0.50056,0.50617,0.51176,0.51709,0.52241,0.52748,0.53254,0.53738,0.54221,0.54683,0.55144,0.55586,0.56027,0.56450,0.56873,0.57278,0.57683,0.58072,0.58461,0.58835,0.59209,0.59568,0.59927,0.60274,0.60619,0.60953,0.61286,0.61608,0.61929,0.62240,0.62550,0.62849,0.63149,0.63439,0.63728,0.64009,0.64289,0.64560,0.64831,0.65093,0.65356,0.65610,0.65865,0.66112,0.66358,0.66598,0.66837,0.67069,0.67301,0.67527,0.67753,0.67972,0.68191,0.68404,0.68617,0.68824,0.69031,0.69233,0.69435
-0.14227,-0.01203,0.02632,0.05908,0.09016,0.11377,0.13380,0.15172,0.16866,0.18465,0.20017,0.21501,0.22946,0.24331,0.25679,0.26972,0.28230,0.29438,0.30612,0.31740,0.32837,0.33893,0.34919,0.35908,0.36869,0.37797,0.38700,0.39571,0.40420,0.41241,0.42041,0.42815,0.43569,0.44300,0.45014,0.45706,0.46381,0.47037,0.47677,0.48300,0.48908,0.49500,0.50079,0.50642,0.51193,0.51730,0.52256,0.52768,0.53270,0.53760,0.54240,0.54708,0.55167,0.55616,0.56056,0.56486,0.56908,0.57320,0.57725,0.58122,0.58511,0.58892,0.59266,0.59633,0.59993,0.60346,0.60693,0.61033,0.61367,0.61695,0.62018,0.62335,0.62646,0.62952,0.63253,0.63548,0.63839,0.64125,0.64406,0.64683,0.64955,0.65223,0.65486,0.65746,0.66001,0.66252,0.66500,0.66744,0.66984,0.67220,0.67454,0.67683,0.67909,0.68132,0.68352,0.68569,0.68783,0.68993,0.69201,0.69406
-0.09961,-0.02504,0.00287,0.03746,0.06424,0.09308,0.11821,0.14241,0.16363,0.18389,0.20202,0.21942,0.23528,0.25057,0.26470,0.27839,0.29115,0.30355,0.31520,0.32655,0.33727,0.34774,0.35767,0.36737,0.37662,0.38566,0.39430,0.40276,0.41087,0.41881,0.42644,0.43392,0.44112,0.44818,0.45498,0.46166,0.46811,0.47445,0.48057,0.48659,0.49241,0.49814,0.50368,0.50914,0.51443,0.51964,0.52469,0.52967,0.53450,0.53927,0.54390,0.54846,0.55290,0.55727,0.56153,0.56573,0.56982,0.57386,0.57779,0.58167,0.58546,0.58919,0.59284,0.59644,0.59995,0.60342,0.60681,0.61016,0.61343,0.61666,0.61982,0.62295,0.62600,0.62902,0.63197,0.63490,0.63776,0.64058,0.64335,0.64609,0.64877,0.65143,0.65403,0.65660,0.65912,0.66162,0.66407,0.66649,0.66887,0.67122,0.67353,0.67581,0.67806,0.68028,0.68246,0.68462,0.68674,0.68884,0.69090,0.69295
-0.08630,-0.01086,0.00945,0.03762,0.06347,0.08813,0.11072,0.13261,0.15302,0.17263,0.19100,0.20858,0.22511,0.24093,0.25588,0.27019,0.28377,0.29680,0.30921,0.32114,0.33253,0.34351,0.35403,0.36418,0.37393,0.38336,0.39242,0.40121,0.40968,0.41790,0.42583,0.43354,0.44100,0.44825,0.45527,0.46211,0.46874,0.47521,0.48148,0.48761,0.49355,0.49937,0.50502,0.51054,0.51592,0.52118,0.52630,0.53132,0.53621,0.54100,0.54567,0.55025,0.55473,0.55911,0.56340,0.56760,0.57171,0.57575,0.57969,0.58357,0.58736,0.59109,0.59473,0.59832,0.60183,0.60529,0.60867,0.61200,0.61527,0.61848,0.62163,0.62473,0.62778,0.63077,0.63371,0.63661,0.63946,0.64226,0.64501,0.64773,0.65039,0.65302,0.65561,0.65815,0.66066,0.66313,0.66556,0.66796,0.67031,0.67264,0.67493,0.67719,0.67941,0.68161,0.68377,0.68591,0.68801,0.69009,0.69213,0.69415
-0.09090,-0.00199,0.01856,0.04691,0.07074,0.09556,0.11744,0.13883,0.15816,0.17693,0.19421,0.21098,0.22659,0.24174,0.25596,0.26977,0.28279,0.29545,0.30746,0.31913,0.33023,0.34104,0.35135,0.36140,0.37101,0.38038,0.38937,0.39814,0.40656,0.41479,0.42271,0.43045,0.43791,0.44521,0.45226,0.45915,0.46582,0.47234,0.47866,0.48485,0.49085,0.49673,0.50243,0.50803,0.51346,0.51880,0.52398,0.52906,0.53401,0.53887,0.54360,0.54825,0.55278,0.55723,0.56157,0.56584,0.57000,0.57410,0.57810,0.58203,0.58587,0.58966,0.59335,0.59699,0.60055,0.60406,0.60748,0.61087,0.61417,0.61743,0.62062,0.62377,0.62685,0.62989,0.63287,0.63581,0.63869,0.64153,0.64431,0.64707,0.64976,0.65243,0.65504,0.65762,0.66015,0.66266,0.66511,0.66754,0.66992,0.67228,0.67459,0.67688,0.67912,0.68135,0.68353,0.68569,0.68781,0.68991,0.69197,0.69401
-0.10738,-0.00248,0.01774,0.04744,0.07229,0.09736,0.11954,0.14127,0.16096,0.18003,0.19756,0.21449,0.23022,0.24542,0.25965,0.27342,0.28639,0.29896,0.31086,0.32241,0.33339,0.34406,0.35424,0.36414,0.37361,0.38284,0.39169,0.40032,0.40862,0.41671,0.42451,0.43213,0.43947,0.44666,0.45360,0.46038,0.46695,0.47338,0.47961,0.48571,0.49163,0.49743,0.50306,0.50858,0.51394,0.51921,0.52433,0.52936,0.53425,0.53905,0.54373,0.54833,0.55282,0.55723,0.56152,0.56575,0.56988,0.57394,0.57790,0.58181,0.58562,0.58937,0.59304,0.59666,0.60019,0.60368,0.60708,0.61044,0.61373,0.61697,0.62015,0.62328,0.62635,0.62937,0.63234,0.63526,0.63813,0.64097,0.64374,0.64648,0.64917,0.65183,0.65443,0.65701,0.65954,0.66203,0.66448,0.66691,0.66929,0.67164,0.67395,0.67623,0.67848,0.68070,0.68288,0.68504,0.68716,0.68926,0.69132,0.69336
-0.10670,-0.01011,0.01366,0.04368,0.06896,0.09449,0.11704,0.13897,0.15887,0.17809,0.19580,0.21289,0.22881,0.24417,0.25858,0.27251,0.28564,0.29836,0.31041,0.32209,0.33320,0.34398,0.35427,0.36427,0.37384,0.38315,0.39207,0.40077,0.40913,0.41728,0.42513,0.43279,0.44018,0.44740,0.45437,0.46119,0.46778,0.47423,0.48047,0.48659,0.49252,0.49833,0.50397,0.50950,0.51487,0.52013,0.52525,0.53028,0.53517,0.53998,0.54465,0.54925,0.55372,0.55813,0.56242,0.56664,0.57076,0.57481,0.57876,0.58266,0.58646,0.59020,0.59386,0.59747,0.60099,0.60446,0.60786,0.61121,0.61448,0.61771,0.62087,0.62399,0.62705,0.63006,0.63301,0.63593,0.63878,0.64160,0.64437,0.64710,0.64977,0.65242,0.65501,0.65758,0.66009,0.66258,0.66502,0.66743,0.66979,0.67214,0.67443,0.67671,0.67894,0.68115,0.68332,0.68547,0.68758,0.68967,0.69172,0.69375
-0.09464,-0.01066,0.01312,0.04302,0.06846,0.09373,0.11629,0.13813,0.15805,0.17721,0.19493,0.21197,0.22788,0.24319,0.25760,0.27149,0.28463,0.29732,0.30937,0.32104,0.33216,0.34294,0.35324,0.36325,0.37284,0.38216,0.39111,0.39982,0.40820,0.41637,0.42425,0.43193,0.43935,0.44659,0.45358,0.46042,0.46704,0.47352,0.47979,0.48593,0.49189,0.49772,0.50338,0.50893,0.51433,0.51962,0.52476,0.52981,0.53472,0.53955,0.54425,0.54886,0.55336,0.55778,0.56209,0.56633,0.57047,0.57453,0.57851,0.58242,0.58624,0.58999,0.59367,0.59729,0.60083,0.60431,0.60772,0.61108,0.61437,0.61761,0.62079,0.62392,0.62699,0.63001,0.63297,0.63590,0.63876,0.64159,0.64437,0.64711,0.64979,0.65245,0.65505,0.65762,0.66014,0.66263,0.66508,0.66750,0.66987,0.67222,0.67453,0.67681,0.67905,0.68126,0.68344,0.68559,0.68771,0.68980,0.69186,0.69389
-0.09662,-0.00554,0.01525,0.04462,0.06958,0.09482,0.11718,0.13898,0.15877,0.17790,0.19553,0.21255,0.22839,0.24369,0.25805,0.27192,0.28502,0.29769,0.30971,0.32135,0.33244,0.34320,0.35347,0.36345,0.37301,0.38231,0.39123,0.39993,0.40829,0.41644,0.42429,0.43196,0.43935,0.44658,0.45356,0.46038,0.46699,0.47345,0.47971,0.48584,0.49178,0.49760,0.50325,0.50880,0.51418,0.51946,0.52460,0.52964,0.53454,0.53936,0.54405,0.54866,0.55315,0.55757,0.56188,0.56611,0.57024,0.57431,0.57828,0.58219,0.58600,0.58976,0.59343,0.59705,0.60058,0.60407,0.60748,0.61084,0.61413,0.61737,0.62054,0.62367,0.62674,0.62977,0.63273,0.63565,0.63852,0.64135,0.64412,0.64686,0.64955,0.65221,0.65481,0.65738,0.65991,0.66240,0.66485,0.66727,0.66964,0.67199,0.67430,0.67658,0.67882,0.68104,0.68322,0.68537,0.68749,0.68959,0.69165,0.69368
-0.10277,-0.00580,0.01574,0.04513,0.06998,0.09515,0.11747,0.13925,0.15903,0.17815,0.19578,0.21279,0.22863,0.24393,0.25828,0.27216,0.28525,0.29792,0.30994,0.32159,0.33267,0.34343,0.35370,0.36369,0.37325,0.38255,0.39147,0.40016,0.40852,0.41667,0.42452,0.43219,0.43958,0.44681,0.45378,0.46061,0.46721,0.47367,0.47992,0.48605,0.49199,0.49781,0.50346,0.50900,0.51438,0.51965,0.52479,0.52982,0.53473,0.53954,0.54423,0.54883,0.55332,0.55773,0.56204,0.56627,0.57040,0.57446,0.57842,0.58233,0.58614,0.58989,0.59356,0.59717,0.60071,0.60419,0.60759,0.61095,0.61423,0.61747,0.62064,0.62377,0.62683,0.62985,0.63281,0.63574,0.63860,0.64143,0.64420,0.64693,0.64962,0.65227,0.65487,0.65744,0.65996,0.66245,0.66490,0.66731,0.66969,0.67203,0.67434,0.67662,0.67886,0.68107,0.68325,0.68540,0.68751,0.68961,0.69166,0.69370
-0.10096,-0.00840,0.01459,0.04439,0.06956,0.09482,0.11724,0.13904,0.15886,0.17799,0.19564,0.21266,0.22852,0.24382,0.25818,0.27206,0.28516,0.29784,0.30986,0.32151,0.33260,0.34336,0.35364,0.36363,0.37319,0.38249,0.39142,0.40011,0.40848,0.41663,0.42448,0.43215,0.43955,0.44677,0.45376,0.46058,0.46719,0.47365,0.47991,0.48603,0.49198,0.49780,0.50345,0.50899,0.51437,0.51965,0.52479,0.52983,0.53473,0.53955,0.54424,0.54885,0.55334,0.55775,0.56206,0.56629,0.57042,0.57448,0.57845,0.58235,0.58617,0.58992,0.59359,0.59721,0.60074,0.60422,0.60763,0.61099,0.61427,0.61751,0.62069,0.62381,0.62688,0.62990,0.63286,0.63578,0.63865,0.64148,0.64425,0.64699,0.64967,0.65232,0.65492,0.65749,0.66001,0.66251,0.66495,0.66737,0.66974,0.67209,0.67439,0.67667,0.67891,0.68113,0.68330,0.68546,0.68757,0.68966,0.69172,0.69376
-0.09852,-0.00796,0.01436,0.04408,0.06927,0.09458,0.11704,0.13888,0.15872,0.17787,0.19554,0.21257,0.22844,0.24374,0.25811,0.27200,0.28510,0.29778,0.30981,0.32146,0.33255,0.34332,0.35360,0.36358,0.37315,0.38245,0.39138,0.40008,0.40844,0.41659,0.42445,0.43212,0.43951,0.44674,0.45372,0.46055,0.46715,0.47361,0.47987,0.48600,0.49194,0.49776,0.50342,0.50896,0.51434,0.51962,0.52476,0.52980,0.53470,0.53952,0.54421,0.54881,0.55330,0.55772,0.56202,0.56626,0.57039,0.57445,0.57842,0.58232,0.58614,0.58989,0.59356,0.59718,0.60071,0.60420,0.60760,0.61096,0.61425,0.61749,0.62066,0.62379,0.62685,0.62987,0.63284,0.63576,0.63862,0.64145,0.64422,0.64696,0.64965,0.65230,0.65490,0.65747,0.65999,0.66248,0.66493,0.66735,0.66972,0.67207,0.67438,0.67666,0.67889,0.68111,0.68329,0.68544,0.68755,0.68965,0.69171,0.69374
-0.09944,-0.00690,0.01493,0.04445,0.06947,0.09471,0.11710,0.13892,0.15873,0.17788,0.19553,0.21256,0.22842,0.24373,0.25810,0.27198,0.28509,0.29777,0.30979,0.32145,0.33254,0.34330,0.35358,0.36357,0.37314,0.38244,0.39137,0.40007,0.40843,0.41659,0.42444,0.43211,0.43951,0.44673,0.45371,0.46054,0.46714,0.47361,0.47987,0.48600,0.49194,0.49776,0.50341,0.50895,0.51434,0.51962,0.52475,0.52979,0.53470,0.53951,0.54420,0.54881,0.55330,0.55772,0.56202,0.56625,0.57038,0.57445,0.57841,0.58232,0.58613,0.58989,0.59356,0.59717,0.60071,0.60419,0.60760,0.61096,0.61424,0.61748,0.62065,0.62378,0.62685,0.62987,0.63283,0.63575,0.63862,0.64145,0.64422,0.64696,0.64964,0.65229,0.65489,0.65746,0.65998,0.66248,0.66492,0.66734,0.66972,0.67206,0.67437,0.67665,0.67889,0.68110,0.68328,0.68543,0.68755,0.68964,0.69170,0.69374
-0.10032,-0.00714,0.01501,0.04460,0.06963,0.09486,0.11724,0.13904,0.15884,0.17797,0.19561,0.21263,0.22848,0.24378,0.25814,0.27202,0.28512,0.29780,0.30982,0.32147,0.33256,0.34332,0.35360,0.36358,0.37315,0.38245,0.39138,0.40007,0.40844,0.41659,0.42444,0.43211,0.43951,0.44673,0.45372,0.46054,0.46715,0.47361,0.47987,0.48599,0.49194,0.49776,0.50341,0.50895,0.51433,0.51962,0.52475,0.52979,0.53469,0.53951,0.54420,0.54881,0.55330,0.55771,0.56202,0.56625,0.57038,0.57445,0.57841,0.58232,0.58613,0.58989,0.59356,0.59717,0.60071,0.60419,0.60760,0.61095,0.61424,0.61748,0.62065,0.62378,0.62684,0.62987,0.63283,0.63575,0.63862,0.64144,0.64422,0.64695,0.64964,0.65229,0.65489,0.65746,0.65998,0.66248,0.66492,0.66734,0.66972,0.67206,0.67437,0.67665,0.67889,0.68110,0.68328,0.68543,0.68755,0.68964,0.69170,0.69374
-0.10001,-0.00753,0.01476,0.04443,0.06953,0.09479,0.11720,0.13902,0.15883,0.17797,0.19562,0.21265,0.22850,0.24380,0.25817,0.27204,0.28514,0.29782,0.30984,0.32149,0.33258,0.34334,0.35362,0.36361,0.37317,0.38247,0.39140,0.40009,0.40846,0.41661,0.42446,0.43213,0.43952,0.44675,0.45373,0.46056,0.46716,0.47362,0.47988,0.48601,0.49195,0.49777,0.50342,0.50896,0.51435,0.51963,0.52476,0.52980,0.53470,0.53952,0.54421,0.54882,0.55331,0.55772,0.56203,0.56626,0.57039,0.57445,0.57842,0.58232,0.58614,0.58989,0.59356,0.59718,0.60071,0.60419,0.60760,0.61096,0.61424,0.61748,0.62066,0.62378,0.62685,0.62987,0.63283,0.63576,0.63862,0.64145,0.64422,0.64696,0.64964,0.65229,0.65489,0.65746,0.65999,0.66248,0.66492,0.66734,0.66972,0.67206,0.67437,0.67665,0.67889,0.68110,0.68328,0.68543,0.68755,0.68964,0.69170,0.69374
-0.09965,-0.00747,0.01473,0.04436,0.06945,0.09471,0.11713,0.13895,0.15877,0.17792,0.19557,0.21260,0.22846,0.24377,0.25813,0.27202,0.28512,0.29780,0.30982,0.32148,0.33257,0.34333,0.35361,0.36360,0.37316,0.38246,0.39139,0.40009,0.40845,0.41660,0.42446,0.43213,0.43952,0.44675,0.45373,0.46056,0.46716,0.47362,0.47988,0.48601,0.49195,0.49777,0.50342,0.50897,0.51435,0.51963,0.52476,0.52980,0.53471,0.53952,0.54421,0.54882,0.55331,0.55773,0.56203,0.56626,0.57039,0.57446,0.57842,0.58233,0.58614,0.58990,0.59357,0.59718,0.60072,0.60420,0.60760,0.61096,0.61425,0.61749,0.62066,0.62379,0.62685,0.62988,0.63284,0.63576,0.63862,0.64145,0.64422,0.64696,0.64965,0.65230,0.65490,0.65747,0.65999,0.66248,0.66493,0.66735,0.66972,0.67207,0.67437,0.67665,0.67889,0.68111,0.68328,0.68544,0.68755,0.68965,0.69170,0.69374
-0.09972,-0.00731,0.01483,0.04443,0.06950,0.09475,0.11716,0.13896,0.15878,0.17792,0.19557,0.21260,0.22845,0.24376,0.25812,0.27200,0.28511,0.29779,0.30981,0.32146,0.33255,0.34332,0.35359,0.36358,0.37314,0.38245,0.39138,0.40007,0.40844,0.41659,0.42445,0.43211,0.43951,0.44674,0.45372,0.46055,0.46715,0.47361,0.47987,0.48600,0.49194,0.49776,0.50342,0.50896,0.51434,0.51962,0.52475,0.52980,0.53470,0.53952,0.54421,0.54881,0.55330,0.55772,0.56202,0.56626,0.57039,0.57445,0.57842,0.58232,0.58614,0.58989,0.59356,0.59718,0.60071,0.60419,0.60760,0.61096,0.61424,0.61748,0.62066,0.62379,0.62685,0.62987,0.63283,0.63576,0.63862,0.64145,0.64422,0.64696,0.64964,0.65230,0.65490,0.65747,0.65999,0.66248,0.66493,0.66735,0.66972,0.67207,0.67437,0.67665,0.67889,0.68111,0.68328,0.68543,0.68755,0.68964,0.69170,0.69374
-0.09990,-0.00731,0.01485,0.04446,0.06954,0.09478,0.11719,0.13899,0.15881,0.17795,0.19560,0.21262,0.22847,0.24378,0.25814,0.27202,0.28512,0.29780,0.30982,0.32147,0.33256,0.34333,0.35360,0.36359,0.37315,0.38246,0.39138,0.40008,0.40844,0.41660,0.42445,0.43212,0.43951,0.44674,0.45372,0.46055,0.46715,0.47361,0.47987,0.48600,0.49194,0.49776,0.50342,0.50896,0.51434,0.51962,0.52475,0.52979,0.53470,0.53951,0.54420,0.54881,0.55330,0.55772,0.56202,0.56626,0.57039,0.57445,0.57842,0.58232,0.58613,0.58989,0.59356,0.59718,0.60071,0.60419,0.60760,0.61096,0.61424,0.61748,0.62065,0.62378,0.62685,0.62987,0.63283,0.63575,0.63862,0.64145,0.64422,0.64696,0.64964,0.65229,0.65489,0.65746,0.65999,0.66248,0.66492,0.66734,0.66972,0.67206,0.67437,0.67665,0.67889,0.68110,0.68328,0.68543,0.68755,0.68964,0.69170,0.69374
-0.09989,-0.00739,0.01481,0.04443,0.06951,0.09477,0.11718,0.13899,0.15880,0.17794,0.19559,0.21262,0.22848,0.24378,0.25814,0.27202,0.28512,0.29780,0.30983,0.32148,0.33257,0.34333,0.35361,0.36360,0.37316,0.38246,0.39139,0.40009,0.40845,0.41660,0.42446,0.43212,0.43952,0.44675,0.45373,0.46055,0.46716,0.47362,0.47988,0.48601,0.49195,0.49777,0.50342,0.50896,0.51434,0.51962,0.52476,0.52980,0.53470,0.53952,0.54421,0.54882,0.55331,0.55772,0.56203,0.56626,0.57039,0.57445,0.57842,0.58232,0.58614,0.58989,0.59356,0.59718,0.60071,0.60419,0.60760,0.61096,0.61424,0.61748,0.62066,0.62379,0.62685,0.62987,0.63283,0.63576,0.63862,0.64145,0.64422,0.64696,0.64964,0.65229,0.65490,0.65747,0.65999,0.66248,0.66493,0.66734,0.66972,0.67207,0.67437,0.67665,0.67889,0.68110,0.68328,0.68543,0.68755,0.68964,0.69170,0.69374
-0.09980,-0.00739,0.01480,0.04442,0.06950,0.09475,0.11716,0.13897,0.15879,0.17793,0.19558,0.21261,0.22847,0.24377,0.25814,0.27202,0.28512,0.29780,0.30982,0.32147,0.33256,0.34333,0.35360,0.36359,0.37315,0.38246,0.39139,0.40008,0.40845,0.41660,0.42445,0.43212,0.43952,0.44674,0.45372,0.46055,0.46715,0.47362,0.47988,0.48600,0.49195,0.49777,0.50342,0.50896,0.51434,0.51962,0.52476,0.52980,0.53470,0.53952,0.54421,0.54882,0.55331,0.55772,0.56203,0.56626,0.57039,0.57445,0.57842,0.58232,0.58614,0.58989,0.59356,0.59718,0.60071,0.60420,0.60760,0.61096,0.61425,0.61749,0.62066,0.62379,0.62685,0.62987,0.63283,0.63576,0.63862,0.64145,0.64422,0.64696,0.64964,0.65230,0.65490,0.65747,0.65999,0.66248,0.66493,0.66735,0.66972,0.67207,0.67437,0.67665,0.67889,0.68111,0.68328,0.68543,0.68755,0.68964,0.69170,0.69374
-0.09980,-0.00735,0.01482,0.04443,0.06951,0.09476,0.11717,0.13898,0.15879,0.17794,0.19558,0.21261,0.22847,0.24377,0.25814,0.27202,0.28512,0.29780,0.30982,0.32147,0.33256,0.34333,0.35360,0.36359,0.37315,0.38246,0.39138,0.40008,0.40844,0.41660,0.42445,0.43212,0.43951,0.44674,0.45372,0.46055,0.46715,0.47361,0.47987,0.48600,0.49194,0.49777,0.50342,0.50896,0.51434,0.51962,0.52476,0.52980,0.53470,0.53952,0.54421,0.54882,0.55331,0.55772,0.56202,0.56626,0.57039,0.57445,0.57842,0.58232,0.58614,0.58989,0.59356,0.59718,0.60071,0.60419,0.60760,0.61096,0.61424,0.61748,0.62066,0.62378,0.62685,0.62987,0.63283,0.63576,0.63862,0.64145,0.64422,0.64696,0.64964,0.65229,0.65490,0.65747,0.65999,0.66248,0.66493,0.66734,0.66972,0.67207,0.67437,0.67665,0.67889,0.68110,0.68328,0.68543,0.68755,0.68964,0.69170,0.69374
-0.09984,-0.00735,0.01482,0.04444,0.06952,0.09477,0.11717,0.13898,0.15880,0.17794,0.19559,0.21261,0.22847,0.24378,0.25814,0.27202,0.28512,0.29780,0.30982,0.32147,0.33256,0.34333,0.35360,0.36359,0.37315,0.38246,0.39139,0.40008,0.40844,0.41660,0.42445,0.43212,0.43952,0.44674,0.45372,0.46055,0.46715,0.47362,0.47987,0.48600,0.49194,0.49777,0.50342,0.50896,0.51434,0.51962,0.52476,0.52980,0.53470,0.53952,0.54421,0.54882,0.55331,0.55772,0.56202,0.56626,0.57039,0.57445,0.57842,0.58232,0.58614,0.58989,0.59356,0.59718,0.60071,0.60419,0.60760,0.61096,0.61424,0.61748,0.62066,0.62378,0.62685,0.62987,0.63283,0.63576,0.63862,0.64145,0.64422,0.64696,0.64964,0.65229,0.65490,0.65747,0.65999,0.66248,0.66493,0.66734,0.66972,0.67207,0.67437,0.67665,0.67889,0.68110,0.68328,0.68543,0.68755,0.68964,0.69170,0.69374
-0.09984,-0.00737,0.01481,0.04443,0.06951,0.09476,0.11717,0.13898,0.15880,0.17794,0.19559,0.21261,0.22847,0.24378,0.25814,0.27202,0.28512,0.29780,0.30982,0.32147,0.33256,0.34333,0.35361,0.36359,0.37315,0.38246,0.39139,0.40008,0.40845,0.41660,0.42445,0.43212,0.43952,0.44674,0.45372,0.46055,0.46715,0.47362,0.47987,0.48600,0.49195,0.49777,0.50342,0.50896,0.51434,0.51962,0.52476,0.52980,0.53470,0.53952,0.54421,0.54882,0.55331,0.55772,0.56202,0.56626,0.57039,0.57445,0.57842,0.58232,0.58614,0.58989,0.59356,0.59718,0.60071,0.60419,0.60760,0.61096,0.61424,0.61748,0.62066,0.62378,0.62685,0.62987,0.63283,0.63576,0.63862,0.64145,0.64422,0.64696,0.64964,0.65229,0.65490,0.65747,0.65999,0.66248,0.66493,0.66734,0.66972,0.67207,0.67437,0.67665,0.67889,0.68110,0.68328,0.68543,0.68755,0.68964,0.69170,0.69374
-0.09982,-0.00737,0.01481,0.04443,0.06951,0.09476,0.11717,0.13898,0.15880,0.17794,0.19559,0.21261,0.22847,0.24377,0.25814,0.27202,0.28512,0.29780,0.30982,0.32147,0.33256,0.34333,0.35360,0.36359,0.37315,0.38246,0.39139,0.40008,0.40844,0.41660,0.42445,0.43212,0.43952,0.44674,0.45372,0.46055,0.46715,0.47362,0.47987,0.48600,0.49194,0.49777,0.50342,0.50896,0.51434,0.51962,0.52476,0.52980,0.53470,0.53952,0.54421,0.54882,0.55331,0.55772,0.56202,0.56626,0.57039,0.57445,0.57842,0.58232,0.58614,0.58989,0.59356,0.59718,0.60071,0.60419,0.60760,0.61096,0.61424,0.61748,0.62066,0.62379,0.62685,0.62987,0.63283,0.63576,0.63862,0.64145,0.64422,0.64696,0.64964,0.65229,0.65490,0.65747,0.65999,0.66248,0.66493,0.66734,0.66972,0.67207,0.67437,0.67665,0.67889,0.68110,0.68328,0.68543,0.68755,0.68964,0.69170,0.69374
